urban_C: [-17.85359478 -17.20958517 -11.29359331  -1.77422208   8.34569055
  16.0869375   20.47367895  20.11917647  14.29401067   6.11155128
  -2.90189154 -11.71047188]
urban_T: [-16.95523192 -16.3915619  -10.35401291  -0.59000808   9.88073024
  17.63529584  22.27415645  21.84137229  15.76817974   7.04235823
  -2.21156418 -10.72014846]
rural_C: [-18.12838113 -17.50831375 -11.77037173  -2.4934379    7.69761838
  15.21656758  19.49400787  19.14590864  13.41932009   5.26082558
  -3.68096412 -12.18485923]
rural_T: [-18.10370756 -17.64979134 -11.85994158  -2.41304064   7.90342587
  15.34666398  19.67610793  19.38848236  13.64099883   5.37590087
  -3.66607344 -11.89563227]
