urban_C: [0.76354022 0.74322615 0.68418464 0.62176403 0.68460278 0.68656593
 0.61499082 0.67803208 0.7447965  0.84970325 0.78571498 0.77796491]
urban_T: [0.71964182 0.68223875 0.62542459 0.57337721 0.59666939 0.60581429
 0.55980486 0.61153762 0.66246337 0.75287738 0.73602341 0.74433182]
rural_C: [0.75140444 0.72249098 0.67428109 0.62881956 0.66637603 0.67010321
 0.62593352 0.67353596 0.72436832 0.80223633 0.77320698 0.77754175]
rural_T: [0.75166426 0.71736264 0.67081831 0.62655535 0.65688738 0.66615648
 0.62449691 0.67296972 0.71864175 0.79875898 0.77051632 0.77383574]


