urban_C: [259.09966619 259.70201183 264.65685081 273.15135782 281.06101098
 286.67789149 289.89034612 289.27670785 285.27737427 279.41463019
 272.4760457  264.86663878]
urban_T: [260.14967692 260.85197841 265.98173539 274.44521619 282.50938514
 288.17540351 291.4969987  290.81738612 286.67679247 280.47838157
 273.3465526  265.72800007]
rural_C: [258.88073341 259.46837291 264.38117519 272.66200072 280.63462457
 286.12105359 289.18600894 288.69211784 284.82168589 278.95329868
 271.93018235 264.47989216]
rural_T: [258.96354311 259.5665445  264.48787166 272.75053372 280.70875322
 286.20052637 289.27525715 288.76926325 284.88360566 278.98800622
 271.96098765 264.52436374]

