urban_C: [-13.69604752 -12.9559597   -6.75828627   3.23042308  13.60251688
  21.57444827  26.28472259  25.39775718  19.08434232   9.69145241
   0.72211275  -7.88446107]
urban_T: [-13.22350649 -12.53591337  -6.21991785   3.90518138  14.67719893
  22.60670493  27.34531891  26.52951434  20.16626377  10.49278481
   1.19208307  -7.23890473]
rural_C: [-14.07668567 -13.33325275  -7.48184085   2.00567902  12.51234693
  20.3797059   24.91800327  24.13080913  17.98145977   8.77251834
  -0.18924984  -8.46084426]
rural_T: [-14.10303794 -13.53502079  -7.60989267   2.05613978  12.74289271
  20.50576976  25.06903004  24.33306236  18.1938747    8.89155327
  -0.13568962  -8.19731816]

