urban_C: [268.27168985 269.0058894  274.68248548 284.05522893 291.51631003
 297.56416168 301.87345182 300.52356924 295.48255161 286.72848651
 280.06735183 273.11646925]
urban_T: [268.60282992 269.52743073 275.24781591 284.63655378 292.70571219
 299.02080011 302.99467084 301.79520662 296.7292188  287.82713373
 280.39375526 273.3194097 ]
rural_C: [268.02942569 268.80215692 273.980854   282.72435989 290.68398939
 296.88888584 300.75139488 299.71552656 294.98162341 286.44732573
 279.31392802 272.5839526 ]
rural_T: [268.04635862 268.82928252 274.01160004 282.74527983 290.74036887
 296.96078614 300.80359989 299.77379612 295.04463653 286.49319702
 279.33202344 272.59619806]

