urban_C: [263.50931054 264.30477644 269.95456298 278.63709462 286.45129633
 292.08394047 295.88015231 294.659086   289.8500432  282.56964414
 275.93423325 268.69864337]
urban_T: [264.0676357  265.00309792 270.74193504 279.40435938 287.63644282
 293.4207313  297.08781754 295.95154733 291.09016021 283.59044459
 276.45545099 269.11464915]
rural_C: [263.17818213 263.98173614 269.32574024 277.59728936 285.71218789
 291.39042058 294.85478603 293.86647506 289.26539    282.13820098
 275.22768381 268.19459355]
rural_T: [263.22446144 264.04042847 269.39051958 277.65061147 285.78315381
 291.47465687 294.93783712 293.9502011  289.33984283 282.18225061
 275.25442633 268.22121115]
